dirty_table: [(0.1611392687888501, -1.9371207594794551, -3.0230191233686572]
shelf: [1.9342107910680348, -1.4733894081864702, -1.4282796143552414]
table_bottom_edge: [-0.12640384752882422, 1.7127419508873836, 0.10955911685741056]
table_left_edge: [0.50707190905864652, 2.9450388737177273, -1.4364524512794437]
table_top_edge: [1.3398936079278609, 2.0644950604036936, -3.067630908451215]
table_right_edge: [0.72078104592469239, 0.81337575174948218, 1.615799879316691]
rotating_table: [1.6417132449271215, 0.57710198397685852, 0.11376205483855181]

start: [0.1833312550106456, 0.5398178171099393, -2.863603837801871]
table_putdown_top: [0.372, 0.00, 1.09]
table_putdown_bottom: [-1.85, 0.11, .90]
dirty_table_putdown: [-0.44, -2.05, 0.995]

