other_table_top: [1.9567176477571806, -0.21413103675258213, -1.6479209432684976]
shelf: [1.701407905577547, 1.087306752511372, 1.8120457117290492]
table_bottom_edge: [-1.8371304049995554, -0.5899729802948545, 1.5465199604286224]
table_left_edge: [-2.875845747741599, 0.3830550744998274, 0.05504307441302258]
table_top_edge: [-1.6736415160868507, 1.256980919639973, -1.5440484038811697]
table_right_edge: [-0.4420449711728518, 0.3768773468506753, -3.134259180894482]
start: [0.1833312550106456, 0.5398178171099393, -2.863603837801871]