other_table_top: [-0.48423835229462314, 1.6302904456329577, 1.7747172212699582]
shelf: [1.701407905577547, 1.087306752511372, 1.8120457117290492]
table_bottom_edge: [-1.8371304049995554, -0.5899729802948545, 1.5465199604286224]
table_left_edge: [-2.875845747741599, 0.3830550744998274, 0.05504307441302258]
table_top_edge: [0.37514930620887038, 0.12389782830317549, -0.19641955139427]
table_right_edge: [-0.4420449711728518, 0.3768773468506753, -3.134259180894482]
start: [0.1833312550106456, 0.5398178171099393, -2.863603837801871]
table_putdown_top: [-1.85, .59, .90]
table_putdown_bottom: [-1.85, 0.11, .90]
dirty_table_putdown: [-0.73, 2,12, 1.12]
